new
0,1,1,angel,X,5,0,1,0
1,2,2,ian,O,5,1,1,0
2,3,1,angel,X,5,2,1,0
3,4,2,ian,O,5,3,1,0
4,5,1,angel,X,4,3,1,0
new
0,1,1,angel,X,5,0,1,0
1,2,2,ian,O,5,1,1,0
2,3,1,angel,X,5,2,1,0
3,4,1,angel,X,5,3,1,0
4,5,2,ian,O,4,3,1,0
3,6,2,ian,O,4,0,1,0
4,7,1,angel,X,4,1,1,0
5,8,2,ian,O,4,2,1,0
6,9,1,angel,X,3,3,1,0
new
0,1,1,angel,X,5,0,1,0
1,2,2,ian,O,5,1,1,0
2,3,1,angel,X,5,2,1,0
3,4,2,ian,O,5,3,1,0
4,5,1,angel,X,4,3,1,0
new
0,1,1,angel,X,5,0,1,0
1,2,2,ian,O,5,1,1,0
2,3,1,angel,X,5,2,1,0
3,4,1,angel,X,5,3,1,0
4,5,2,ian,O,4,3,1,0
3,6,2,ian,O,4,0,1,0
4,7,1,angel,X,4,1,1,0
